const INITIAL_BOARD = [
  // Row 0
  [
    [36, 32, 38],
    [4, 24, 3],
    [36, 9, 34],
    [10, 20, 7],
    [34, 29, 12],
    [24, 16, 4],
    [23, 9, 10],
    [5, 30, 39],
    [7, 27, 8],
  ],
  // Row 1
  [
    [4, 37, 9],
    [34, 19, 0],
    [37, 9, 24],
    [27, 37, 22],
    [21, 25, 7],
    [29, 30, 20],
    [32, 11, 19],
    [22, 13, 8],
    [34, 11, 28],
  ],
  // Row 2
  [
    [20, 1, 38],
    [2, 6, 3],
    [30, 35, 0],
    [18, 18, 39],
    [36, 33, 34],
    [19, 21, 5],
    [0, 24, 33],
    [26, 36, 2],
    [29, 28, 1],
  ],
  // Row 3
  [
    [6, 39, 37],
    [36, 35, 0],
    [11, 30, 3],
    [13, 39, null],  // filler [Y, Z, null] (near-center donor space)
    [14, 14, null],  // ← TUTORIAL TARGET [X, X, null]
    [28, 31, null],  // filler [Y, Z, null] (near-center donor space)
    [20, 23, 16],
    [35, 8, 26],
    [38, 35, 21],
  ],
  // Row 4
  [
    [39, 4, 30],
    [10, 6, 26],
    [13, 19, 35],
    [null, null, null],  // empty donor space (center, always visible)
    [14, 1, 15],  // ← TUTORIAL DONOR (X near center)
    [17, 6, 32],
    [28, 34, 7],
    [2, 30, 5],
    [16, 4, 1],
  ],
  // Row 5
  [
    [25, 27, 25],
    [2, 26, 26],
    [26, 3, 3],
    [32, 1, 6],
    [11, 0, 8],
    [0, 19, 35],
    [13, 18, 22],
    [31, 32, 22],
    [38, 23, 36],
  ],
  // Row 6
  [
    [16, 12, 29],
    [31, 16, 33],
    [22, 15, 38],
    [4, 17, 8],
    [33, 29, 23],
    [20, 29, 12],
    [28, 33, 3],
    [39, 20, 19],
    [37, 9, 22],
  ],
  // Row 7
  [
    [11, 2, 38],
    [15, 28, 13],
    [17, 13, 24],
    [24, 33, 16],
    [2, 23, 7],
    [25, 25, 9],
    [1, 6, 11],
    [23, 25, 7],
    [8, 32, 37]
  ]
];

// tutorial src=(r=4, c=4, s=0)  typeId=14
// tutorial dst=(r=3, c=4, s=2)